100 609 58
376 609 58
154 609 58
154 609 58
204 609 58
102 102 58
24 15 58
11 240 58
11 240 58
11 240 58
11 240 58
240 240 96
240 240 96
11 240 58
11 240 58
11 240 58
11 240 58
11 240 58
11 240 58
11 240 58
11 240 58
11 240 58
11 240 58
30 515 58
30 515 58
30 515 58
30 515 58
30 515 58
30 515 58
30 515 58
445 515 58
30 515 58
30 515 58
30 515 58
30 515 58
30 515 58
30 515 58
30 515 58
30 30 96
30 30 96
30 515 58
290 137 58
36 188 58
290 137 58
36 188 58
36 188 58
290 188 58
290 59 58
36 188 58
4 4 1
36 137 58
36 188 58
36 137 58
188 188 62
36 9 58
36 188 58
36 137 58
36 137 58
36 188 58
36 188 58
36 188 58
36 188 58
36 188 58
36 188 58
36 188 58
36 36 58
189 325 58
189 602 58
323 325 58
189 189 58
323 325 58
189 602 58
189 602 58
10 325 58
260 602 58
145 145 58
10 325 58
5 4 1
5 5 1
5 292 58
5 47 1
47 47 1
9 9 1
5 1 1
109 21 58
49 541 58
140 462 58
140 462 58
140 462 58
447 228 58
24 92 58
118 497 58
42 46 58
6 17 1
21 522 58
21 522 58
21 522 58
240 240 1
134 260 1
134 231 1
134 231 1
6 519 58
134 353 58
6 231 96
231 6 96
231 6 96
379 379 1
6 63 1
447 325 58
5 5 1
5 5 1
447 292 58
476 90 58
168 180 1
155 325 58
155 133 58
155 325 58
155 148 58
70 325 58
98 148 58
155 325 58
155 133 58
133 133 96
133 133 96
418 418 1
116 16 58
116 350 58
9 49 1
2 2 62
210 606 96
454 454 96
454 454 96
25 25 1
191 180 1
191 191 96
96 228 58
14 224 58
14 92 58
14 228 58
14 92 58
174 174 58
14 92 58
42 46 58
121 462 58
121 462 58
19 462 58
42 46 58
213 133 58
213 325 58
213 213 58
213 133 58
213 213 58
213 213 58
213 133 58
213 325 58
213 213 58
213 325 58
325 325 58
213 133 58
34 92 58
71 292 58
12 438 58
12 94 2
94 12 2
12 438 58
42 46 58
19 18 58
19 18 58
42 46 58
19 18 58
207 207 58
98 39 58
24 92 58
9 9 96
9 9 96
24 317 58
42 46 58
13 546 58
42 46 58
204 180 1
313 180 1
155 231 1
313 313 58
50 240 58
11 519 58
519 519 96
519 519 96
11 519 58
42 46 58
24 22 58
480 22 58
44 206 58
22 92 58
8 90 58
8 90 58
8 90 58
8 292 58
8 90 58
8 90 58
8 90 58
8 90 58
8 90 58
8 93 58
8 292 58
8 90 58
8 90 58
8 90 58
8 90 58
65 46 58
42 46 58
144 21 58
42 46 58
96 96 1
71 292 58
623 177 1
17 156 58
17 156 58
59 89 58
17 156 58
17 156 58
21 522 58
21 522 58
21 522 58
51 148 58
545 148 58
240 148 58
50 148 58
51 133 58
51 148 58
51 148 58
50 148 58
51 148 58
51 148 58
219 148 58
51 133 58
51 240 58
50 240 58
24 92 58
40 46 58
24 40 58
24 607 58
42 46 58
24 39 58
24 353 58
24 353 58
24 353 58
42 46 58
14 92 58
14 224 58
14 92 58
14 92 58
14 14 58
174 174 58
42 46 58
449 138 58
42 46 58
520 10 58
406 46 58
406 406 58
406 46 58
385 292 58
29 12 1
24 92 58
34 224 58
34 228 58
34 224 58
42 46 58
26 62 58
71 292 58
142 292 1
14 92 58
14 14 58
14 14 58
14 92 58
42 46 58
384 579 96
242 46 58
6 451 58
6 451 58
6 451 58
7 292 1
6 451 58
6 451 58
6 138 58
6 451 58
5 5 1
6 292 1
5 292 58
42 46 58
67 67 58
67 67 58
24 92 58
67 67 58
67 92 58
67 228 58
67 92 58
67 92 58
233 92 58
618 618 58
36 188 58
169 188 58
169 188 58
100 122 58
154 122 58
154 154 58
154 154 58
154 609 58
154 154 58
100 609 58
13 46 58
252 46 58
252 46 58
42 46 58
32 68 58
32 68 58
32 68 58
254 89 58
162 89 58
162 292 58
254 292 58
162 556 58
43 43 62
320 432 58
502 502 96
177 177 96
548 548 96
548 548 96
206 23 58
19 22 58
19 22 58
46 46 58
24 92 58
67 92 58
24 92 58
67 92 58
67 92 58
67 67 58
67 92 58
67 92 58
67 92 58
42 46 58
67 92 58
32 68 58
32 68 58
32 68 58
32 68 58
32 68 58
1 1 96
1 1 96
17 292 58
17 133 58
468 453 58
246 325 58
246 133 58
96 325 58
246 450 58
99 92 58
99 228 58
42 46 58
99 92 58
174 9 58
380 380 58
14 14 58
71 71 58
127 292 58
127 292 58
485 292 58
127 292 58
127 292 58
127 292 58
127 292 58
127 292 58
127 292 58
127 292 58
127 292 58
127 292 58
127 292 58
485 292 58
127 292 58
71 292 58
127 292 58
20 292 58
20 292 58
20 292 58
20 292 58
20 292 58
20 292 58
20 292 58
20 292 58
20 292 58
20 292 58
20 62 58
20 292 58
20 292 58
20 292 58
20 292 58
42 46 58
20 292 58
20 292 58
42 46 58
261 292 58
30 292 58
34 92 58
263 92 58
42 46 58
263 92 58
42 46 58
96 248 2
248 96 2
96 248 2
248 96 2
96 248 2
248 96 2
96 248 2
248 96 2
96 248 2
248 96 2
96 248 2
248 96 2
96 256 2
256 96 2
47 68 58
96 248 2
248 96 2
42 46 58
65 46 58
6 292 58
469 292 58
469 292 58
88 292 58
469 292 58
236 21 58
42 46 58
236 279 58
42 46 58
236 536 58
18 46 58
95 224 58
95 57 58
95 57 58
95 57 58
95 57 58
24 57 58
95 57 58
95 57 58
95 57 58
49 522 58
77 9 1
66 292 58
20 292 58
54 54 58
66 292 58
20 292 58
20 292 58
197 94 2
94 197 2
197 52 2
52 197 2
197 325 58
451 292 58
5 292 1
37 292 58
6 519 58
6 519 58
6 292 58
6 292 1
6 519 58
6 519 58
6 519 58
6 519 58
6 292 58
142 46 58
142 21 58
211 46 58
211 46 58
211 46 58
42 46 58
34 228 58
34 92 58
263 92 58
42 46 58
263 92 58
38 170 58
38 170 58
42 46 58
6 519 58
127 93 58
127 32 58
127 93 58
127 292 58
127 540 58
127 90 58
127 93 58
127 90 58
260 313 58
260 98 58
246 325 58
246 325 58
246 325 58
6 519 58
611 325 58
29 29 1
611 6 1
136 292 58
136 506 58
136 506 58
6 136 96
136 6 96
19 182 58
19 399 58
18 46 58
1 1 96
1 1 96
249 344 58
249 249 1
249 344 58
249 344 58
249 344 58
167 387 58
436 527 58
436 91 58
24 91 58
24 91 58
436 91 58
436 91 58
436 91 58
12 55 1
125 46 58
13 46 58
13 46 58
13 46 58
13 46 58
42 46 58
13 536 58
125 327 58
13 137 58
38 137 58
42 46 58
57 137 58
2 2 96
2 2 96
2 2 96
6 292 58
42 46 58
12 325 58
219 52 58
70 240 58
50 240 58
50 352 58
50 240 58
70 240 58
70 52 58
50 240 58
29 292 58
29 292 58
29 292 58
6 292 1
24 92 58
24 92 58
24 27 58
24 27 58
24 24 58
27 92 58
98 92 58
24 92 58
24 92 58
24 92 58
24 27 58
32 68 58
32 68 58
32 68 58
32 68 58
103 515 58
103 112 2
112 103 2
103 515 58
4 89 1
407 292 1
407 407 1
134 180 1
70 240 58
70 240 58
6 240 1
70 240 58
150 292 58
25 25 58
71 292 58
26 292 58
26 62 58
519 519 1
308 114 58
308 556 58
60 60 96
60 60 96
34 92 58
107 292 58
6 292 1
37 37 62
42 46 58
10 188 58
10 188 58
10 188 58
36 519 58
10 188 58
36 137 58
36 137 58
36 188 58
36 188 58
10 188 58
36 188 58
437 437 96
437 437 96
161 56 58
161 56 58
42 46 58
99 99 58
99 410 58
99 92 58
99 92 58
99 228 58
99 92 58
99 92 58
99 228 58
44 99 58
44 99 58
99 92 58
99 92 58
99 92 58
99 92 58
99 224 58
7 454 1
111 454 58
69 10 1
69 10 1
69 10 1
69 10 1
1 231 1
69 180 1
1 231 1
1 69 1
74 92 58
34 92 58
42 46 58
19 18 58
42 46 58
103 90 58
103 90 58
476 90 58
77 470 2
470 77 2
82 68 58
7 86 1
409 522 58
328 289 58
103 515 58
328 515 58
328 289 58
8 292 58
8 292 58
8 292 58
8 292 58
8 292 58
8 90 58
8 90 58
8 90 58
8 90 58
8 90 58
8 90 58
8 93 58
8 90 58
8 90 58
8 90 58
8 90 58
8 90 58
8 292 58
8 292 58
586 292 1
8 292 58
8 292 58
8 292 58
8 292 58
8 292 58
7 7 1
101 360 58
9 360 96
360 9 96
101 2 62
101 360 58
101 360 58
9 9 1
24 92 58
15 224 58
24 15 58
46 46 58
57 450 58
550 292 58
8 292 58
8 292 58
618 92 58
618 618 58
618 228 58
618 92 58
34 224 58
67 92 58
618 92 58
12 438 58
12 438 58
12 438 58
12 438 58
12 438 58
12 52 2
52 12 2
42 46 58
243 5 1
5 243 1
5 325 1
264 196 58
264 196 58
619 40 58
6 40 58
6 40 58
361 135 58
217 135 58
183 454 58
5 292 1
85 85 62
85 85 96
85 85 96
8 90 58
8 90 58
8 90 58
8 90 58
8 90 58
8 90 58
8 90 58
8 90 58
8 90 58
71 292 58
8 93 58
8 90 58
8 90 58
8 90 58
129 18 58
42 46 58
453 18 58
453 18 58
18 292 58
18 292 58
6 292 58
161 56 58
161 56 58
42 46 58
292 10 1
7 294 1
18 462 58
42 46 58
68 68 62
68 502 96
502 68 96
19 291 58
19 18 58
21 21 96
21 21 96
19 18 58
42 46 58
19 18 58
11 240 58
11 240 58
11 240 58
11 240 58
11 352 58
11 324 58
11 240 58
11 240 58
11 352 58
11 240 58
24 92 58
12 438 58
12 484 58
12 438 58
12 52 2
52 12 2
110 522 58
110 522 58
110 522 58
136 158 58
158 292 58
5 5 62
483 373 1
1 1 1
98 487 58
250 321 58
250 105 58
250 105 58
250 105 58
37 37 96
37 37 96
1 1 1
1 1 62
48 46 58
42 46 58
48 46 58
48 46 58
50 325 58
50 148 58
51 438 58
621 292 58
146 57 1
53 292 58
42 46 58
21 522 58
37 522 58
11 292 58
400 549 58
476 90 58
476 90 58
103 90 58
67 67 58
67 92 58
67 92 58
24 67 58
233 92 58
67 92 58
67 67 58
24 92 58
67 67 58
67 92 58
34 92 58
67 92 58
67 92 58
1 67 96
67 1 96
67 92 58
24 67 58
24 92 58
67 67 58
67 92 58
67 92 58
67 92 58
67 67 58
67 92 58
67 67 58
34 92 58
67 92 58
67 67 58
34 92 58
42 46 58
67 92 58
8 90 58
8 90 58
8 90 58
8 90 58
8 292 58
8 90 58
8 292 58
8 292 58
8 90 58
8 292 58
142 340 96
340 142 96
54 93 58
17 156 58
17 156 58
17 156 58
193 193 1
87 2 1
37 292 58
16 466 1
13 46 58
13 65 58
13 46 58
13 46 58
140 1 58
42 46 58
63 595 58
63 595 58
63 595 58
63 595 58
63 595 58
63 595 58
63 595 58
63 595 58
63 595 58
63 595 58
63 595 58
63 135 58
63 595 58
63 595 58
63 595 58
63 595 58
63 135 58
63 595 58
411 609 58
411 609 58
411 609 58
411 609 58
411 609 58
411 609 58
411 411 58
411 609 58
411 609 58
411 609 58
439 438 58
12 438 58
337 438 58
104 454 1
6 522 58
121 607 58
621 18 58
621 18 58
19 18 58
42 46 58
100 609 58
100 609 58
57 519 58
57 519 58
57 292 58
1 231 1
57 519 58
57 519 58
57 519 58
57 519 58
57 519 58
57 519 58
57 519 58
57 519 58
57 519 58
108 91 58
108 91 58
81 91 58
108 91 58
44 91 58
422 147 58
19 10 58
422 147 58
121 10 58
150 10 58
150 344 58
165 10 58
150 344 58
165 10 58
290 137 58
290 188 58
290 188 58
290 188 58
290 188 58
290 188 58
290 137 58
36 188 58
36 188 58
290 188 58
290 188 58
36 137 58
290 188 58
36 188 58
11 240 58
11 240 58
11 324 58
11 240 58
11 240 58
11 240 58
11 240 58
11 135 58
11 240 58
11 240 58
11 240 58
103 90 58
108 90 58
36 188 58
297 137 58
297 137 58
36 188 58
36 188 58
36 188 58
297 188 58
297 188 58
297 188 58
36 188 58
290 188 58
520 188 58
36 188 58
297 188 58
36 188 58
36 188 58
36 188 58
297 188 58
36 188 58
297 297 58
297 137 58
229 228 58
229 92 58
34 224 58
24 92 58
24 92 58
14 92 58
24 229 58
21 21 58
11 240 58
11 2 58
11 240 58
11 240 58
11 135 58
11 240 58
240 240 96
240 240 96
11 240 58
11 240 58
11 2 58
11 240 58
11 240 58
11 240 58
11 240 58
11 11 58
11 2 58
11 240 58
11 240 58
11 240 58
11 240 58
11 240 58
11 240 58
11 240 58
11 240 58
11 240 58
11 240 58
11 240 58
11 240 58
11 240 58
13 192 58
42 46 58
22 9 58
42 46 58
24 92 58
24 92 58
42 46 58
282 15 58
4 4 1
24 14 58
71 292 58
24 34 58
42 46 58
342 105 58
342 105 58
54 90 58
71 90 58
476 90 58
20 90 58
71 292 58
95 224 58
24 622 58
622 92 58
95 622 58
95 622 58
95 224 58
82 137 58
404 188 1
17 292 58
17 292 58
66 292 58
451 451 58
17 292 58
15 228 58
5 292 1
37 37 96
37 37 96
621 18 58
19 18 58
19 18 58
621 18 58
18 18 58
19 18 58
42 46 58
11 240 58
11 2 58
11 240 58
11 240 58
11 240 58
11 438 58
11 240 58
240 502 58
11 240 58
11 240 58
11 240 58
11 324 58
11 11 58
11 240 58
11 240 58
11 240 58
11 240 58
11 240 58
34 92 58
42 46 58
51 148 58
51 148 58
51 240 58
50 148 58
545 148 58
50 148 58
51 148 58
51 148 58
50 148 58
50 148 58
50 148 58
545 148 58
51 148 58
51 133 58
219 240 58
50 240 58
13 46 58
252 46 58
101 451 58
141 292 58
487 451 58
141 201 1
141 292 1
34 46 58
24 92 58
74 92 58
24 92 58
98 92 58
6 575 1
24 92 58
98 92 58
35 92 58
34 34 96
34 34 96
35 92 58
44 35 58
35 92 58
35 92 58
35 92 58
121 121 1
121 121 1
37 451 58
1 16 1
37 292 58
25 292 1
11 240 58
11 240 58
11 240 58
11 240 58
11 2 58
11 11 1
11 240 58
240 240 96
240 240 96
25 292 1
11 240 58
11 240 58
131 522 58
131 522 58
21 522 58
37 522 58
451 522 58
451 451 58
451 451 58
87 37 58
451 451 58
87 87 1
66 292 58
11 240 58
11 240 58
11 2 58
11 240 58
11 240 58
11 240 58
11 240 58
11 240 58
11 240 58
11 240 58
11 240 58
51 438 58
51 240 58
51 240 58
51 240 58
51 240 58
51 352 58
51 240 58
51 240 58
29 451 58
451 451 58
29 451 58
29 29 1
29 29 1
29 29 1
29 29 1
515 515 1
49 5 58
57 454 58
57 454 58
57 519 58
57 454 58
6 522 58
6 522 58
6 522 58
12 438 58
38 46 58
13 46 58
38 46 58
38 46 58
22 46 58
13 46 58
482 46 58
38 46 58
22 46 58
13 46 58
13 46 58
21 553 58
24 233 58
410 553 58
42 46 58
5 248 1
38 46 58
13 46 58
13 46 58
494 46 58
81 540 58
586 292 1
8 292 58
8 292 58
1 87 1
178 196 58
178 609 58
50 240 58
441 240 58
179 515 58
30 515 58
66 66 58
63 595 58
63 595 58
63 595 58
10 595 58
63 595 58
63 595 58
63 595 58
63 595 58
63 595 58
63 595 58
63 595 58
10 595 58
63 595 58
63 595 58
143 143 1
10 292 1
45 143 1
143 143 1
7 292 1
6 292 58
7 131 1
7 7 1
42 46 58
24 192 58
42 46 58
35 92 58
35 92 58
35 92 58
35 92 58
233 92 58
15 475 58
24 92 58
15 92 58
24 140 58
624 624 58
257 519 58
42 46 58
7 86 1
1 98 1
98 98 2
98 162 2
98 98 2
98 162 2
162 98 2
278 46 58
278 46 58
278 46 58
46 46 58
278 46 58
42 46 58
278 46 58
278 46 58
110 519 58
71 292 58
71 62 58
71 292 58
302 62 58
42 46 58
630 630 58
630 630 58
308 500 58
158 5 1
158 158 96
158 158 96
158 353 58
42 46 58
12 438 58
12 438 58
12 438 58
12 438 58
12 438 58
32 68 58
32 68 58
32 68 58
32 68 58
32 68 58
32 68 58
32 68 58
32 68 58
157 85 58
157 85 58
157 85 58
157 85 58
157 85 58
157 85 58
157 85 58
157 85 58
157 85 58
157 85 58
157 85 58
157 21 58
157 85 58
157 85 58
359 171 1
359 171 1
42 46 58
157 85 58
157 85 58
125 18 58
13 18 58
13 46 58
95 171 58
95 171 58
95 171 58
95 171 58
95 171 58
95 171 58
95 171 58
95 171 58
95 171 58
95 171 58
95 171 58
95 171 58
95 171 58
95 171 58
95 171 58
95 171 58
95 171 58
95 171 58
359 171 1
95 171 58
42 46 58
342 592 58
342 592 58
592 592 58
42 46 58
183 323 2
323 183 2
130 137 58
130 325 58
7 7 62
340 340 96
340 340 96
340 340 96
340 340 96
340 340 96
28 28 1
242 46 58
242 235 58
242 46 58
242 46 58
58 515 58
58 46 58
329 58 58
189 299 58
574 134 58
299 231 1
24 169 58
44 22 58
24 92 58
118 46 58
136 506 58
136 506 58
136 292 58
136 506 58
136 506 58
136 232 58
136 232 58
136 353 58
136 353 58
136 136 58
6 292 58
136 353 58
136 506 58
215 215 96
215 215 96
139 92 58
42 46 58
139 92 58
36 137 58
283 137 58
283 520 58
283 188 58
36 188 58
283 188 58
36 188 58
283 188 58
283 188 58
283 188 58
520 188 58
283 188 58
36 188 58
283 188 58
36 137 58
36 188 58
36 188 58
36 188 58
8 292 58
8 292 58
8 292 58
8 292 58
1 171 96
171 1 96
300 171 1
6 292 58
46 46 58
65 46 58
6 519 58
519 519 62
6 454 58
20 292 58
20 292 58
20 292 58
20 292 58
20 292 58
20 292 58
20 292 58
20 292 58
20 292 58
71 292 58
20 292 58
24 92 58
42 46 58
15 92 58
285 285 58
371 137 58
25 212 1
25 3 1
25 3 96
3 25 96
4 86 1
51 352 58
51 240 58
51 240 58
292 292 1
258 492 2
492 258 2
68 377 96
16 145 58
10 191 90
42 46 58
15 92 58
179 515 58
30 515 58
30 515 58
30 515 58
30 515 58
30 515 58
50 240 58
51 148 58
50 148 58
42 46 58
46 46 62
46 46 62
42 46 58
35 92 58
153 292 58
8 90 58
8 292 58
8 90 58
8 90 58
8 90 58
8 90 58
8 90 58
8 90 58
8 93 58
8 90 58
8 292 58
71 292 58
8 90 58
8 292 58
8 90 58
8 93 58
8 90 58
8 90 58
8 292 58
8 90 58
8 90 58
8 90 58
8 90 58
8 90 58
8 93 58
359 171 1
24 92 58
139 92 58
42 46 58
590 92 58
236 21 58
236 21 58
42 46 58
67 577 58
67 23 58
42 46 58
42 46 58
24 92 58
24 222 58
102 224 58
24 92 58
24 92 58
24 102 58
24 92 58
42 46 58
328 289 58
328 289 58
103 515 58
289 289 96
289 289 96
476 241 58
27 27 96
27 27 96
46 46 58
27 27 96
27 27 96
42 46 58
423 325 58
19 19 58
7 607 1
42 46 58
77 451 58
5 5 62
140 46 58
22 46 58
6 538 58
6 171 1
22 228 58
24 92 58
499 46 58
161 626 58
42 46 58
95 532 58
217 135 58
217 135 58
217 135 58
161 224 58
161 56 58
161 56 58
56 224 58
424 435 58
71 292 58
633 633 1
229 224 58
229 92 58
229 92 58
42 46 58
182 33 58
24 58 58
58 46 58
36 188 58
36 169 58
36 188 58
290 188 58
36 137 58
4 4 1
188 188 58
36 188 58
36 188 58
36 188 58
290 188 58
36 188 58
36 188 58
290 137 58
36 188 58
36 188 58
20 292 58
20 292 58
20 292 58
20 292 58
20 292 58
20 93 58
20 90 58
20 292 58
20 292 58
20 292 58
20 292 58
20 292 58
20 292 58
20 292 58
167 387 58
167 387 58
167 387 58
167 387 58
167 387 58
167 387 58
167 387 58
167 387 58
167 387 58
167 387 58
167 387 58
167 387 58
167 387 58
167 387 58
167 387 58
167 387 58
174 92 58
14 92 58
14 92 58
14 92 58
14 92 58
14 92 58
134 180 1
134 10 1
134 180 1
134 180 1
1 180 1
210 210 96
210 210 96
265 46 58
265 46 58
265 46 58
143 143 1
143 171 1
189 602 58
10 163 58
10 602 58
619 602 58
260 602 58
14 92 58
34 92 58
174 174 58
174 92 58
42 46 58
146 146 1
51 240 58
51 240 58
51 240 58
51 240 58
51 240 58
51 240 58
51 240 58
51 52 58
50 240 58
51 240 58
51 240 58
51 240 58
71 292 58
98 602 58
63 602 58
98 602 58
63 602 58
63 602 58
98 602 58
63 602 58
98 602 58
63 602 58
10 602 58
136 31 58
342 31 58
136 31 58
4 4 1
4 4 96
4 4 96
379 379 62
136 136 96
136 136 96
365 414 58
365 414 58
365 414 58
198 114 58
42 46 58
8 32 58
8 292 58
71 292 58
98 292 58
54 292 58
54 292 58
20 292 58
54 93 58
54 292 58
20 292 58
54 292 58
54 292 58
71 292 58
54 292 58
54 292 58
131 243 58
265 522 58
21 522 58
16 16 62
147 46 58
65 46 58
42 46 58
8 90 58
8 90 58
8 90 58
8 90 58
8 90 58
8 90 58
8 90 58
8 90 58
8 90 58
8 292 58
8 90 58
8 90 58
8 90 58
8 93 58
8 90 58
8 90 58
8 90 58
8 90 58
13 46 58
19 18 58
19 18 58
19 18 58
42 46 58
42 46 58
42 46 58
42 46 58
67 67 58
67 228 58
67 46 58
42 46 58
34 92 58
42 46 58
35 92 58
35 92 58
35 92 58
35 92 58
35 92 58
35 35 96
35 35 96
35 92 58
35 92 58
42 46 58
35 92 58
35 92 58
36 36 58
36 188 58
36 575 58
36 188 58
56 56 1
56 335 58
21 522 58
82 21 58
21 522 58
6 292 58
6 292 58
463 292 96
292 463 96
136 232 58
136 353 58
136 506 58
136 353 58
136 232 58
136 506 58
136 353 58
136 506 58
136 506 58
84 292 1
209 195 58
56 195 58
129 602 58
129 325 58
129 325 58
131 325 58
42 46 58
426 92 58
80 80 58
80 80 58
80 240 58
42 46 58
59 68 58
42 46 58
50 240 58
7 7 96
7 7 96
219 240 58
519 519 1
519 519 62
519 519 62
519 519 1
175 519 58
141 141 96
141 141 96
21 522 58
109 21 58
129 522 58
129 522 58
129 522 58
129 522 58
6 519 58
5 5 62
5 292 1
42 46 58
1 1 96
1 1 96
5 5 1
246 68 58
246 68 58
246 68 58
246 68 58
114 114 96
114 114 96
246 68 58
82 188 58
11 240 58
11 240 58
11 2 58
240 240 96
240 240 96
11 240 58
11 240 58
11 240 58
70 240 58
50 240 58
70 240 58
50 240 58
42 46 58
360 275 96
275 360 96
360 360 96
360 360 96
26 292 58
71 292 58
107 107 1
107 107 1
8 292 58
8 292 58
8 292 58
8 292 58
8 62 58
139 273 58
42 46 58
110 522 58
326 327 58
288 22 58
35 92 58
35 92 58
35 92 58
35 92 58
14 92 58
14 14 58
24 14 58
24 92 58
24 92 58
44 14 58
42 46 58
14 14 58
36 188 58
36 137 58
36 137 58
36 188 58
36 188 58
36 188 58
36 188 58
36 188 58
36 188 58
283 188 58
36 188 58
36 137 58
36 188 58
36 188 58
36 188 58
36 188 58
36 188 58
36 188 58
283 188 58
283 188 58
36 188 58
121 330 58
19 19 58
294 294 1
294 294 96
294 294 96
5 292 58
96 325 58
96 325 58
32 68 58
47 68 58
47 68 58
32 68 58
32 68 58
296 296 58
296 296 1
37 324 58
240 240 96
240 240 96
296 324 58
296 296 58
296 240 58
296 240 58
11 240 58
296 240 58
12 438 58
12 438 58
12 602 58
12 438 58
12 438 58
12 438 58
12 438 58
12 438 58
12 438 58
12 438 58
12 438 58
12 240 58
12 438 58
8 90 58
8 90 58
71 292 58
8 292 58
8 90 58
8 90 58
8 90 58
8 476 2
476 8 2
8 90 58
8 90 58
8 90 58
8 90 58
8 292 58
37 292 58
37 37 96
37 37 96
70 555 58
70 240 58
50 240 58
70 240 58
70 240 58
70 240 58
70 240 58
70 240 58
70 70 58
50 52 2
52 50 2
50 240 58
560 92 58
560 92 58
560 92 58
585 92 58
560 92 58
42 46 58
585 92 58
14 92 58
42 46 58
157 420 58
520 46 58
42 46 58
6 7 1
6 292 58
6 292 58
37 37 62
24 626 58
22 92 58
250 46 58
109 166 58
6 6 1
5 451 58
321 321 1
1 1 96
1 1 96
1 1 96
515 515 96
515 515 96
179 515 58
179 515 58
30 515 58
30 515 58
70 240 58
30 254 2
254 30 2
30 515 58
30 254 2
254 30 2
30 515 58
30 515 58
30 254 2
254 30 2
63 595 58
63 595 58
63 595 58
63 595 58
63 595 58
22 22 58
44 22 58
24 92 58
499 499 96
499 499 96
499 499 96
499 499 96
42 46 58
17 292 58
17 292 58
11 325 58
11 325 58
124 325 58
11 240 58
11 240 58
11 240 58
11 240 58
240 240 58
11 240 58
11 240 58
11 325 58
11 240 58
11 240 58
308 556 58
308 556 58
308 556 58
308 114 58
308 114 58
308 114 58
308 114 58
308 114 58
308 556 58
308 386 58
308 548 58
19 21 58
42 46 58
19 21 58
596 596 58
24 92 58
42 46 58
278 46 58
304 46 58
42 46 58
131 68 58
19 19 58
21 46 58
4 4 96
4 4 96
4 4 96
136 232 58
136 506 58
136 232 58
136 232 58
136 136 96
136 136 96
136 292 58
136 292 58
136 353 58
136 232 58
136 232 58
136 506 58
136 353 58
136 353 58
136 353 58
292 292 1
42 46 58
66 292 58
7 1 1
7 1 1
7 368 1
19 18 58
19 18 58
19 18 58
18 46 58
189 355 58
189 355 58
189 355 58
365 355 58
189 355 58
189 355 58
189 355 58
189 355 58
189 355 58
189 355 58
260 355 58
189 355 58
189 355 58
189 355 58
189 355 58
189 355 58
189 355 58
189 355 58
376 609 58
8 90 58
8 90 58
8 90 58
8 90 58
8 90 58
8 90 58
8 90 58
8 90 58
8 292 58
8 90 58
8 292 58
8 90 58
8 90 58
8 90 58
42 46 58
11 240 58
11 240 58
11 240 58
11 240 58
11 240 58
11 240 58
11 240 58
11 240 58
11 240 58
11 240 58
11 240 58
11 240 58
11 240 58
11 240 58
11 240 58
11 240 58
11 240 58
11 240 58
14 14 58
42 46 58
82 344 58
82 344 58
7 82 1
7 82 1
82 344 58
141 141 1
5 292 58
318 5 1
141 141 62
6 451 58
6 292 58
6 519 58
6 519 58
6 519 58
6 519 58
6 519 58
63 519 58
96 96 62
6 519 58
6 6 62
63 519 58
286 231 1
286 187 58
14 92 58
380 14 58
14 92 58
466 145 58
71 292 58
280 68 58
1 1 1
24 92 58
24 92 58
102 92 58
636 92 58
42 46 58
219 148 58
50 148 58
70 70 58
50 133 58
70 133 58
70 70 58
219 148 58
70 133 58
219 240 58
42 46 58
165 546 58
165 546 58
18 9 96
9 18 96
48 46 58
8 90 58
8 90 58
8 90 58
8 90 58
8 90 58
8 90 58
8 90 58
8 90 58
8 90 58
8 90 58
8 90 58
8 90 58
8 292 58
8 90 58
8 90 58
8 90 58
127 292 58
8 90 58
8 90 58
8 90 58
8 90 58
8 90 58
8 90 58
219 52 58
51 52 58
51 240 58
50 240 58
51 352 58
50 240 58
51 52 58
51 438 58
51 555 58
50 240 58
51 555 58
51 534 58
19 18 58
19 19 58
42 46 58
19 18 58
19 320 58
42 46 58
18 46 58
125 33 58
13 60 58
13 46 58
13 46 58
366 437 58
366 357 58
175 577 58
366 357 58
366 330 58
366 330 58
366 330 58
366 357 58
366 330 58
24 92 58
58 58 96
58 58 96
166 166 96
166 166 96
192 278 58
21 21 58
165 10 58
165 10 58
42 46 58
150 344 58
79 190 2
190 79 2
79 190 2
190 79 2
79 454 58
6 292 1
190 79 2
79 190 2
342 105 58
342 194 58
342 228 58
342 105 58
342 228 58
194 194 96
194 194 96
342 194 58
228 228 58
73 46 58
12 438 58
12 438 58
12 438 58
19 18 58
19 18 58
19 18 58
19 18 58
19 18 58
18 2 96
2 18 96
42 46 58
98 417 58
161 56 58
161 56 58
56 224 58
161 56 58
161 44 58
161 56 58
161 56 58
161 56 58
161 56 58
161 224 58
103 90 58
103 90 58
103 90 58
32 90 58
561 519 58
561 519 58
561 519 58
209 209 58
186 186 96
186 186 96
78 21 58
78 21 58
78 21 58
42 46 58
6 451 58
40 6 58
66 292 58
51 240 58
51 352 58
51 240 58
51 240 58
51 240 58
51 324 58
51 240 58
51 240 58
51 240 58
51 324 58
50 240 58
38 536 58
48 46 58
326 46 58
13 48 58
13 48 58
163 163 58
369 292 1
369 47 96
47 369 96
10 10 62
15 92 58
34 224 58
34 224 58
6 21 58
15 92 58
14 14 58
14 92 58
14 92 58
14 92 58
34 224 58
14 14 58
61 46 58
162 556 58
42 46 58
6 292 58
52 454 58
460 4 58
460 117 58
460 117 58
460 9 58
460 117 58
117 117 58
30 117 58
4 292 62
11 240 58
11 240 58
11 240 58
11 240 58
11 240 58
11 240 58
11 240 58
11 240 58
11 240 58
11 240 58
11 240 58
11 240 58
11 240 58
119 119 62
11 240 58
14 14 58
102 92 58
53 454 58
111 135 58
19 18 58
42 46 58
21 522 58
426 426 58
129 522 96
522 129 96
8 292 58
8 292 58
8 292 58
8 292 58
8 292 58
8 292 58
8 292 58
8 292 58
8 90 58
8 93 58
8 292 58
8 292 58
71 292 58
6 595 58
10 595 58
239 239 62
63 595 58
10 595 58
100 10 1
100 180 1
204 609 58
100 10 1
498 609 58
7 7 1
7 113 1
7 292 1
7 113 1
7 113 1
7 7 1
261 360 58
261 360 58
16 307 73
38 166 58
166 46 58
38 166 58
14 46 58
139 224 58
139 92 58
34 92 58
42 46 58
61 46 58
42 46 58
360 360 96
261 160 58
24 92 58
15 228 58
17 292 58
637 637 58
15 92 58
15 157 58
630 15 58
224 46 58
15 92 58
230 145 58
218 145 58
230 145 58
145 145 58
218 145 58
230 145 58
145 145 58
218 145 58
230 145 58
218 145 58
230 145 58
230 145 58
145 145 96
145 145 96
230 145 58
218 145 58
145 145 58
1 1 96
1 1 96
42 46 58
8 90 58
71 292 58
8 90 58
8 292 58
8 292 58
8 90 58
8 90 58
8 90 58
8 90 58
8 90 58
8 90 58
8 292 58
8 90 58
8 90 58
8 90 58
8 90 58
8 292 58
8 90 58
8 292 58
8 292 58
8 90 58
8 90 58
8 292 58
8 90 58
8 90 58
19 18 58
42 46 58
19 18 58
1 1 1
1 1 1
70 219 58
321 68 58
32 68 58
32 68 58
321 68 58
32 68 58
321 68 58
32 68 58
19 21 58
19 21 58
19 170 58
19 223 58
13 170 58
42 46 58
19 223 58
8 292 58
8 62 58
11 135 58
11 240 58
11 240 58
11 454 58
4 53 1
4 53 1
196 607 96
607 196 96
13 65 58
11 240 58
11 240 58
42 46 58
395 145 58
204 395 58
395 243 58
7 7 96
7 7 96
10 595 58
10 595 58
39 45 58
39 292 58
23 292 58
45 292 58
45 292 58
45 45 1
45 292 1
112 292 58
45 292 1
292 292 62
321 68 58
95 22 58
95 92 58
95 22 58
95 22 58
95 22 58
95 92 58
95 92 58
95 22 58
95 224 58
95 22 58
95 22 58
299 299 58
9 299 1
4 299 1
303 46 58
303 303 96
303 303 96
303 46 58
303 303 1
303 303 1
303 46 58
303 303 62
6 522 58
6 522 58
6 522 58
42 46 58
11 240 58
11 2 58
11 240 58
11 2 58
11 240 58
11 240 58
11 240 58
11 240 58
20 292 58
20 292 58
20 292 58
20 292 58
20 292 58
20 292 58
20 93 58
20 292 58
20 292 58
20 292 58
20 292 58
20 292 58
20 292 58
20 292 58
20 292 58
20 292 58
154 609 58
100 609 58
100 609 58
154 609 58
23 209 58
23 209 58
492 10 58
24 33 58
42 46 58
42 46 58
47 114 58
6 451 58
6 454 58
6 454 58
60 21 58
19 522 58
21 522 58
19 21 58
21 522 58
21 522 58
42 46 58
45 349 1
50 240 58
70 70 58
50 148 58
219 148 58
50 148 58
21 522 58
409 522 58
272 522 58
21 522 58
409 522 58
21 522 58
409 497 58
42 46 58
14 92 58
14 92 58
174 174 58
14 14 58
42 46 58
20 292 58
42 46 58
288 46 58
21 21 58
42 46 58
99 228 58
24 92 58
99 92 58
99 92 58
99 99 58
99 228 58
99 99 96
99 99 96
99 92 58
99 92 58
99 92 58
99 92 58
99 92 58
24 92 58
99 92 58
99 92 58
99 92 58
99 92 58
24 99 58
99 92 58
99 92 58
99 92 58
99 92 58
17 292 58
17 292 58
17 292 58
104 292 1
164 473 58
308 114 58
97 47 1
599 240 58
599 228 58
82 137 58
1 1 62
24 92 58
24 24 58
42 46 58
24 224 58
24 24 58
42 46 58
51 325 58
50 325 58
50 325 58
50 148 58
50 148 58
50 240 58
27 27 58
24 92 58
27 27 96
27 27 96
42 46 58
203 257 58
203 257 58
203 257 58
80 257 58
203 257 58
203 257 58
203 257 58
203 257 58
153 257 58
12 90 58
12 90 58
20 292 58
20 292 58
20 292 58
20 292 58
98 292 58
20 292 58
20 292 58
98 292 58
20 292 58
20 292 58
20 62 58
20 292 58
20 292 58
61 46 58
61 46 58
61 46 58
13 46 58
61 46 58
13 46 58
13 46 58
61 46 58
13 46 58
42 46 58
61 46 58
71 292 58
26 416 58
8 90 58
30 292 58
8 90 58
8 90 58
8 90 58
8 90 58
8 93 58
8 90 58
8 90 58
8 90 58
8 90 58
8 90 58
8 90 58
8 90 58
8 90 58
8 93 58
8 90 58
8 93 58
8 90 58
54 62 58
54 292 58
142 171 58
119 292 58
517 40 58
11 324 58
11 240 58
11 240 58
11 240 58
11 240 58
11 240 58
11 240 58
23 92 58
67 92 58
108 92 58
67 92 58
34 92 58
67 92 58
403 67 58
42 46 58
304 21 58
42 46 58
108 47 58
569 569 58
108 47 58
108 47 58
444 454 58
308 556 58
444 454 58
444 454 58
228 228 58
563 563 96
563 563 96
13 235 58
13 46 58
42 46 58
13 46 58
182 58 58
42 46 58
11 325 58
240 148 58
11 325 58
11 240 58
11 240 58
11 240 58
11 240 58
11 240 58
11 240 58
50 240 58
11 325 58
8 292 58
8 47 58
8 292 58
8 292 58
8 8 58
226 10 58
10 395 58
230 10 58
218 145 58
567 567 1
218 145 58
574 10 58
218 145 58
10 29 96
218 145 58
6 502 58
6 292 58
6 292 58
218 145 58
218 145 58
157 48 58
48 46 58
157 46 58
48 46 58
157 46 58
246 324 58
70 324 58
70 52 58
70 519 58
636 92 58
42 46 58
1 623 96
623 1 96
8 416 58
8 292 58
8 540 58
8 292 58
71 292 58
8 8 58
397 21 58
42 46 58
237 159 1
37 292 58
269 292 58
36 132 58
36 137 58
36 188 58
36 188 58
36 188 58
36 188 58
36 137 58
36 188 58
36 188 58
36 188 58
7 362 1
219 240 58
50 148 58
70 240 58
70 70 58
70 438 58
42 46 58
8 90 58
8 90 58
8 90 58
8 292 58
8 90 58
8 292 58
8 90 58
8 90 58
292 292 1
8 292 58
8 90 58
8 90 58
8 292 58
71 292 58
8 90 58
8 292 58
8 90 58
8 90 58
8 93 58
8 90 58
8 90 58
8 90 58
8 93 58
139 92 58
42 46 58
614 92 58
24 92 58
24 22 58
292 292 58
292 292 58
153 292 58
30 515 58
30 515 58
30 515 58
30 515 58
30 515 58
30 90 58
161 55 58
161 55 58
161 55 58
161 55 58
161 55 58
161 55 58
161 55 58
161 55 58
161 55 58
161 55 58
161 55 58
161 55 58
161 55 58
161 55 58
161 55 58
161 55 58
161 55 58
161 55 58
161 55 58
161 55 58
161 55 58
161 55 58
195 68 58
195 68 58
579 68 1
579 68 1
297 137 58
297 520 58
297 188 58
297 188 58
36 188 58
297 524 58
297 188 58
36 188 58
297 137 58
36 188 58
297 188 58
36 188 58
36 188 58
36 188 58
297 188 58
297 297 58
22 522 58
22 522 58
79 190 2
190 79 2
79 190 2
190 79 2
25 6 96
6 25 96
42 46 58
12 438 58
12 135 58
12 135 58
13 18 58
13 46 58
541 541 58
254 295 58
470 9 58
355 556 58
114 114 96
114 114 96
32 68 58
32 68 58
32 68 58
32 68 58
32 68 58
113 122 58
20 292 58
20 292 58
20 292 58
20 292 58
20 292 58
20 292 58
20 292 58
20 292 58
20 292 58
20 292 58
20 292 58
20 292 58
20 292 58
20 292 58
20 292 58
20 292 58
20 292 58
32 68 58
20 292 58
20 62 58
20 292 58
10 46 58
144 46 58
42 46 58
492 10 58
12 438 58
12 438 58
342 31 58
42 46 58
14 92 58
380 380 58
24 92 58
504 92 58
95 92 58
95 92 58
95 224 58
95 95 58
95 38 58
95 92 58
95 366 58
494 46 58
494 46 58
13 40 58
13 494 58
138 454 58
51 51 58
51 240 58
51 324 58
103 90 58
32 68 58
54 68 58
20 90 58
326 46 58
42 46 58
179 515 58
179 515 58
515 515 62
30 515 58
30 515 58
325 325 96
325 325 96
116 344 58
116 344 58
255 373 1
42 46 58
308 138 58
308 197 58
36 404 58
1 212 1
47 248 2
248 47 2
96 248 2
248 96 2
307 96 2
96 307 2
96 248 2
248 96 2
5 5 96
5 5 96
5 5 96
8 292 58
8 90 58
8 90 58
8 90 58
8 90 58
8 90 58
8 90 58
8 90 58
8 90 58
8 90 58
8 292 58
8 90 58
8 90 58
8 90 58
12 515 58
12 438 58
12 438 58
21 522 58
42 46 58
47 414 58
114 114 96
114 114 96
414 556 58
559 114 58
515 515 1
464 464 62
564 7 1
154 154 1
154 154 1
154 154 1
154 154 1
154 154 1
154 154 1
119 429 96
429 119 96
71 292 58
240 240 1
12 438 58
12 438 58
12 240 58
12 515 58
12 438 58
12 602 58
12 438 58
12 438 58
12 438 58
141 522 58
21 522 58
21 522 58
129 522 58
37 37 96
37 37 96
46 46 58
161 224 58
109 224 58
24 92 58
24 92 58
344 257 58
49 21 58
603 21 58
42 46 58
42 46 58
12 373 1
183 373 1
183 373 1
183 484 58
183 454 58
8 90 58
8 292 58
586 292 1
8 292 58
8 90 58
127 292 58
8 90 58
8 93 58
8 90 58
8 90 58
61 61 58
42 46 58
390 556 58
58 518 58
42 46 58
35 92 58
24 228 58
35 92 58
35 92 58
35 92 58
35 92 58
35 92 58
35 92 58
35 35 96
35 35 96
42 46 58
138 138 96
138 138 96
470 114 58
556 9 96
9 9 1
122 122 62
2 226 1
1 75 1
75 292 96
292 75 96
25 10 1
109 46 58
42 46 58
423 10 58
423 344 58
10 10 58
492 10 58
423 10 58
10 344 58
492 10 58
423 344 58
423 10 58
432 519 96
519 432 96
84 198 1
11 352 58
479 479 1
11 240 58
11 240 58
11 240 58
11 240 58
11 240 58
11 240 58
32 68 58
32 68 58
32 68 58
32 68 58
32 68 58
32 68 58
32 68 58
32 68 58
32 68 58
32 68 58
32 68 58
68 625 96
625 68 96
42 46 58
317 92 58
194 194 58
342 291 58
342 194 58
342 291 58
4 86 1
267 228 58
194 194 58
291 291 96
291 291 96
342 194 58
639 119 96
30 515 58
30 515 58
445 515 58
30 515 58
30 515 58
30 515 58
30 515 58
30 515 58
4 163 1
30 515 58
30 515 58
30 515 58
30 515 58
30 515 58
161 370 58
370 453 58
19 18 58
19 18 58
19 18 58
9 582 1
9 9 1
2 42 96
42 2 96
23 228 58
7 7 1
167 228 58
167 387 58
267 267 1
7 7 1
7 7 1
7 7 1
43 43 1
7 7 1
24 92 58
24 92 58
42 46 58
24 92 58
102 92 58
102 102 58
102 46 58
42 46 58
145 145 96
145 145 96
274 274 58
593 171 58
292 292 62
82 137 58
82 207 58
82 91 58
8 292 58
8 292 58
161 574 58
161 320 58
27 27 96
27 27 96
78 320 58
161 574 58
161 56 58
400 123 58
13 46 58
10 46 58
42 46 58
36 188 58
36 188 58
36 188 58
36 188 58
36 188 58
36 188 58
36 188 58
36 137 58
36 137 58
48 46 58
13 46 58
42 46 58
50 148 58
545 148 58
50 148 58
51 148 58
51 148 58
50 148 58
51 133 58
51 240 58
50 240 58
50 148 58
51 438 58
51 240 58
8 90 58
8 90 58
8 90 58
8 90 58
8 90 58
8 90 58
8 90 58
5 186 58
6 295 1
12 438 58
12 12 1
103 515 58
344 484 96
484 344 96
13 46 58
22 46 58
13 9 58
125 125 58
252 46 58
22 46 58
50 148 58
50 240 58
51 148 58
51 133 58
50 50 58
409 522 58
409 522 58
30 515 58
30 515 58
30 515 58
30 515 58
445 515 58
30 515 58
30 515 58
30 515 58
30 515 58
30 515 58
30 515 58
30 515 58
42 46 58
30 515 58
42 46 58
19 462 58
19 496 58
462 46 58
38 46 58
15 15 58
24 15 58
30 515 58
359 179 1
30 515 58
4 515 1
30 515 58
2 30 1
121 330 58
258 10 58
42 46 58
30 271 58
445 271 58
30 271 58
30 271 58
445 271 58
30 271 58
30 271 58
30 271 58
30 271 58
12 52 2
52 12 2
519 519 62
4 1 1
519 519 62
4 52 62
31 31 96
31 31 96
9 292 1
25 292 1
37 37 62
29 29 1
29 29 1
29 29 1
29 29 1
29 29 1
6 325 58
5 29 62
5 113 1
98 292 58
54 292 58
98 292 58
127 292 58
20 292 58
20 292 58
136 31 58
4 4 62
81 31 58
138 454 58
42 46 58
19 293 58
19 21 58
19 21 58
6 2 58
42 46 58
42 46 58
42 46 58
71 292 58
71 292 58
5 451 58
47 519 58
11 240 58
11 240 58
11 240 58
11 240 58
11 138 58
11 240 58
11 240 58
11 240 58
240 240 96
240 240 96
88 292 58
183 240 58
183 240 58
183 240 58
183 240 58
183 52 2
52 183 2
183 282 1
183 240 58
183 240 58
183 240 58
183 240 58
211 46 58
265 211 58
492 10 58
252 46 58
42 46 58
520 10 58
19 182 58
19 546 58
19 58 58
46 46 58
95 116 58
95 92 58
95 116 58
95 224 58
354 354 62
144 522 58
42 46 58
23 91 58
427 427 58
427 292 58
427 427 58
14 92 58
14 92 58
14 92 58
42 46 58
14 92 58
155 52 58
155 52 58
9 515 1
4 515 1
50 240 58
34 410 58
68 68 1
175 175 58
175 325 58
175 175 58
175 325 58
175 325 58
325 325 96
325 325 96
101 101 1
52 454 58
1 1 1
178 10 58
154 609 58
178 609 58
178 231 1
178 609 58
178 609 58
100 609 58
178 609 58
203 257 58
203 519 58
203 257 58
625 625 96
625 625 96
203 519 58
203 257 58
218 41 58
218 145 58
72 72 1
8 90 58
8 90 58
8 90 58
8 93 58
8 90 58
8 90 58
8 90 58
8 90 58
359 17 1
53 292 58
54 62 58
54 292 58
54 292 58
20 93 58
20 292 58
54 292 58
127 292 58
8 292 58
127 292 58
485 292 58
127 292 58
127 292 58
71 292 58
127 435 58
127 292 58
22 92 58
24 73 58
12 438 58
12 197 2
197 12 2
12 197 2
197 12 2
93 68 58
115 68 58
115 68 58
115 68 58
115 68 58
115 68 58
115 68 58
115 68 58
115 68 58
115 68 58
14 92 58
14 92 58
14 92 58
34 92 58
42 46 58
61 46 58
42 46 58
167 387 58
167 387 58
167 387 58
167 387 58
167 387 58
167 387 58
167 387 58
75 160 1
75 186 1
75 186 1
75 186 1
261 186 58
75 186 1
104 606 96
104 295 1
26 292 58
44 83 58
51 240 58
51 111 58
50 324 58
51 111 58
545 135 58
51 240 58
50 50 58
51 135 58
50 50 58
70 240 58
70 52 58
70 219 58
70 630 58
70 240 58
70 240 58
70 240 58
42 46 58
4 4 96
4 4 96
4 4 96
83 92 58
83 92 58
83 92 58
12 438 58
12 438 58
42 46 58
545 135 58
50 240 58
13 46 58
42 46 58
42 46 58
1 86 1
21 522 58
157 157 58
121 406 58
406 46 58
384 68 58
384 68 58
47 68 58
42 46 58
42 46 58
24 92 58
24 92 58
42 46 58
42 46 58
11 240 58
11 240 58
11 240 58
11 240 58
11 240 58
11 240 58
11 2 58
11 240 58
11 240 58
11 240 58
18 18 58
190 38 58
288 536 58
125 46 58
125 46 58
125 46 58
13 13 58
13 46 58
13 46 58
288 46 58
42 46 58
125 327 58
13 46 58
13 46 58
13 46 58
13 46 58
65 46 58
125 46 58
125 46 58
125 46 58
14 92 58
14 92 58
14 228 58
34 224 58
42 46 58
19 18 58
19 18 58
150 18 58
19 18 58
48 46 58
17 454 58
67 92 58
67 92 58
67 92 58
34 92 58
34 92 58
35 92 58
35 92 58
24 92 58
35 92 58
35 92 58
35 35 58
24 92 58
35 92 58
35 92 58
35 92 58
35 92 58
35 92 58
14 14 58
125 46 58
13 46 58
13 46 58
42 46 58
13 46 58
13 46 58
346 91 58
346 72 58
346 224 58
346 72 58
346 72 58
346 72 58
346 91 58
346 72 58
346 91 58
346 91 58
346 527 58
346 91 58
346 91 58
11 240 58
11 240 58
11 240 58
11 240 58
11 240 58
11 240 58
11 240 58
11 240 58
11 240 58
11 240 58
11 240 58
11 240 58
11 352 58
11 240 58
11 240 58
11 240 58
11 240 58
11 240 58
11 240 58
11 240 58
42 46 58
499 46 58
445 271 58
30 271 58
30 271 58
30 271 58
30 271 58
30 158 2
158 30 2
30 271 58
30 515 58
404 271 1
331 331 1
1 10 1
1 294 1
1 1 1
1 10 1
1 1 1
10 10 1
8 90 58
8 292 58
8 62 58
8 90 58
8 292 58
42 46 58
24 92 58
14 14 58
24 14 58
24 273 58
108 15 58
42 46 58
24 92 58
24 128 58
24 128 58
24 92 58
24 27 58
30 515 58
30 515 58
30 515 58
30 515 58
30 515 58
30 515 58
30 515 58
30 515 58
30 515 58
359 515 1
130 240 58
13 18 58
13 18 58
18 21 58
13 18 58
18 46 58
109 21 58
19 19 58
121 310 58
170 398 96
398 170 96
10 46 58
38 38 58
86 46 58
42 46 58
380 14 58
14 46 58
380 34 58
42 46 58
125 46 58
13 46 58
61 46 58
61 46 58
4 4 96
4 4 96
4 4 96
42 46 58
61 46 58
24 33 58
42 46 58
24 74 58
24 73 58
24 73 58
24 73 58
24 21 58
36 188 58
633 163 96
163 633 96
75 53 96
53 75 96
75 53 96
53 75 96
75 53 96
53 75 96
75 55 1
75 53 96
53 75 96
75 53 96
53 75 96
75 53 96
53 75 96
20 292 58
24 224 58
24 224 58
42 46 58
24 224 58
42 46 58
24 92 58
24 482 58
10 344 58
6 515 58
6 292 58
42 46 58
1 1 1
121 166 58
19 228 58
19 92 58
13 46 58
108 46 58
42 46 58
19 166 58
19 46 58
47 68 58
42 46 58
160 16 58
186 68 58
42 46 58
159 159 1
249 21 58
6 526 96
526 6 96
530 68 58
109 40 58
42 46 58
71 292 58
428 292 58
428 62 58
127 292 58
8 292 58
71 292 58
42 46 58
21 522 58
4 4 1
9 9 58
23 522 58
37 522 58
21 522 58
97 292 1
50 124 2
124 50 2
50 124 2
124 50 2
70 124 2
124 70 2
50 124 2
124 50 2
50 240 58
50 124 2
124 50 2
70 148 58
50 124 2
124 50 2
50 124 2
124 50 2
70 133 58
50 124 2
124 50 2
70 70 58
50 240 58
230 145 58
218 29 58
218 29 58
218 29 58
385 450 58
57 450 58
385 450 58
57 450 58
57 450 58
57 292 58
57 450 58
57 450 58
57 148 58
57 450 58
179 271 58
407 292 1
271 603 58
35 92 58
35 92 58
98 92 58
35 92 58
35 92 58
35 92 58
35 92 58
24 92 58
71 292 58
127 292 58
8 90 58
127 292 58
71 292 58
71 292 58
20 62 58
127 292 58
27 27 96
27 27 96
19 462 58
42 46 58
359 171 1
125 367 58
13 46 58
13 21 58
13 46 58
13 46 58
42 46 58
125 33 58
13 367 58
19 21 58
22 536 58
19 21 58
24 10 58
116 92 58
24 92 58
24 92 58
24 10 58
24 224 58
24 148 58
24 224 58
24 224 58
24 224 58
24 10 58
24 10 58
24 92 58
24 92 58
24 607 58
24 292 58
476 629 58
103 335 58
476 515 58
27 92 58
27 224 58
24 92 58
42 46 58
13 279 58
100 609 58
100 609 58
376 609 58
204 609 58
204 133 58
100 609 58
100 609 58
154 609 58
9 9 1
9 9 1
326 46 58
42 46 58
42 46 58
20 93 58
20 292 58
20 292 58
54 292 58
20 292 58
401 5 58
401 450 58
288 22 58
38 21 58
88 292 1
88 88 1
165 165 62
363 363 58
21 522 58
1 579 1
579 579 1
498 196 58
100 609 58
376 132 1
33 19 58
42 46 58
12 240 58
111 135 58
70 240 58
70 240 58
8 292 58
8 93 58
71 292 58
417 133 58
502 502 96
25 25 1
220 220 58
37 292 58
6 292 1
20 292 58
6 454 58
42 46 58
13 46 58
42 46 58
24 22 58
42 46 58
17 133 58
17 133 58
17 133 58
17 133 58
17 133 58
17 292 58
17 133 58
17 89 58
13 46 58
65 46 58
65 46 58
109 21 58
238 522 58
42 46 58
103 515 58
103 90 58
476 90 58
7 7 62
329 58 58
42 46 58
226 226 58
116 10 58
116 10 58
61 46 58
10 10 96
42 46 58
162 556 58
162 556 58
54 162 2
162 54 2
54 162 2
162 54 2
334 92 58
334 92 58
334 92 58
334 92 58
24 224 58
334 92 58
334 334 58
334 92 58
334 92 58
334 92 58
334 92 58
334 92 58
334 92 58
92 92 58
270 232 58
116 344 58
116 357 58
9 9 96
9 9 96
357 68 58
61 46 58
42 46 58
40 40 96
40 40 96
150 344 58
150 344 58
16 16 96
16 16 96
10 10 58
150 344 58
21 522 58
7 7 1
321 68 58
321 68 58
32 68 58
32 68 58
32 68 58
32 68 58
32 68 58
329 182 58
329 58 58
329 58 58
329 33 58
329 58 58
329 58 58
329 58 58
242 242 58
21 46 58
21 546 58
242 589 58
242 2 58
242 242 58
242 242 58
42 46 58
42 46 58
252 46 58
4 260 1
4 10 1
10 602 58
4 189 1
189 602 58
365 602 58
260 602 58
10 325 58
10 602 58
2 2 1
54 292 58
54 292 58
20 292 58
20 292 58
20 292 58
54 292 58
54 292 58
54 292 58
54 62 58
20 292 58
20 292 58
15 92 58
14 33 58
24 92 58
14 92 58
14 92 58
14 92 58
14 224 58
14 224 58
14 92 58
14 92 58
14 92 58
14 92 58
42 46 58
14 92 58
601 522 58
37 522 58
13 21 58
42 46 58
153 133 58
153 133 58
133 133 96
133 133 96
153 133 58
153 133 58
413 68 58
413 68 58
413 68 58
498 609 58
498 514 58
7 39 1
42 46 58
4 4 1
4 4 1
89 292 58
42 46 58
11 240 58
11 240 58
240 240 96
240 240 96
11 240 58
11 240 58
11 240 58
11 2 58
11 2 58
11 240 58
11 240 58
11 240 58
11 240 58
11 240 58
283 188 58
36 188 58
36 188 58
283 137 58
283 188 58
463 373 1
298 298 1
50 52 58
8 62 58
8 446 58
8 292 58
236 33 58
42 46 58
236 279 58
42 46 58
5 451 58
78 22 58
42 46 58
177 625 96
625 177 96
108 190 58
108 190 58
308 114 58
308 556 58
308 114 58
30 228 58
30 228 58
7 515 1
30 228 58
30 515 58
9 9 1
220 53 96
53 220 96
220 53 96
53 220 96
84 52 1
25 368 96
368 25 96
220 220 96
220 220 96
42 46 58
125 327 58
13 21 58
42 46 58
13 327 58
76 416 58
308 114 58
308 548 58
42 46 58
244 244 62
71 292 58
71 292 58
71 292 58
53 53 1
42 46 58
82 137 58
50 240 58
12 438 58
13 21 58
314 314 58
304 92 58
314 92 58
550 92 58
314 462 58
314 9 58
92 92 96
92 92 96
1 1 1
292 292 96
292 292 96
213 292 58
478 325 58
1 1 62
109 522 58
109 522 58
109 21 58
109 21 58
109 21 58
109 522 58
109 522 58
109 497 58
21 522 58
182 46 58
83 33 58
83 9 58
24 92 58
34 92 58
13 327 58
13 327 58
40 46 58
288 46 58
288 327 58
6 21 58
616 198 58
4 198 1
337 438 58
32 68 58
32 68 58
32 68 58
32 68 58
32 68 58
32 68 58
32 68 58
32 292 58
32 68 58
32 68 58
47 68 58
32 68 58
288 46 58
288 46 58
288 46 58
288 21 58
288 46 58
288 46 58
288 46 58
288 46 58
288 46 58
288 46 58
288 46 58
288 22 58
144 46 58
6 519 58
6 292 58
35 33 58
35 46 58
35 92 58
35 92 58
380 92 58
380 35 58
35 504 58
42 46 58
125 46 58
125 18 58
13 46 58
13 46 58
13 46 58
18 46 58
42 46 58
170 170 96
170 170 96
162 89 58
162 89 58
162 89 58
162 89 58
162 89 58
162 556 58
162 89 58
162 162 96
162 162 96
162 162 96
162 89 58
254 89 58
162 89 58
162 89 58
162 89 58
162 292 58
162 556 58
162 89 58
162 89 58
162 89 58
162 89 58
162 89 58
