2553
42 46 58
42 46 58
8 90 58
100 609 58
303 46 58
36 188 58
95 22 58
8 90 58
127 93 58
35 504 58
71 292 58
11 240 58
296 240 58
8 90 58
20 292 58
1 1 96
8 90 58
342 194 58
48 46 58
218 145 58
10 602 58
20 292 58
179 515 58
7 113 1
621 18 58
30 515 58
30 515 58
50 324 58
20 292 58
38 166 58
1 1 96
12 438 58
42 46 58
213 133 58
161 56 58
20 292 58
233 92 58
95 92 58
11 240 58
8 93 58
42 46 58
451 451 58
61 46 58
550 92 58
296 296 1
618 228 58
145 145 96
636 92 58
125 33 58
95 171 58
21 522 58
8 292 58
9 292 1
244 244 62
174 174 58
520 10 58
8 62 58
189 355 58
370 453 58
13 65 58
303 303 62
548 548 96
50 240 58
42 46 58
15 92 58
8 90 58
8 93 58
36 188 58
233 92 58
52 12 2
7 86 1
161 56 58
360 275 96
380 380 58
300 171 1
24 273 58
63 595 58
95 171 58
69 10 1
35 92 58
20 292 58
50 50 58
11 240 58
42 46 58
36 137 58
179 515 58
275 360 96
35 92 58
42 46 58
136 292 58
42 46 58
57 454 58
109 21 58
476 90 58
20 292 58
32 68 58
11 325 58
179 515 58
308 556 58
630 15 58
11 325 58
8 90 58
124 325 58
51 148 58
13 46 58
11 240 58
46 46 58
29 292 58
42 46 58
162 89 58
20 292 58
125 46 58
111 135 58
1 231 1
10 325 58
37 37 62
213 325 58
24 224 58
12 438 58
161 56 58
11 240 58
8 90 58
32 68 58
8 90 58
8 90 58
7 82 1
42 46 58
411 609 58
218 145 58
13 46 58
32 68 58
42 46 58
24 92 58
12 438 58
96 96 62
11 240 58
47 47 1
14 92 58
35 92 58
161 55 58
1 579 1
95 22 58
11 240 58
8 90 58
124 70 2
36 137 58
346 72 58
230 10 58
272 522 58
4 4 1
308 548 58
88 292 1
114 114 96
183 240 58
270 232 58
359 171 1
134 260 1
124 50 2
52 197 2
24 102 58
29 292 58
71 292 58
11 240 58
451 451 58
359 171 1
359 171 1
6 292 58
11 240 58
1 1 1
36 188 58
36 188 58
13 327 58
20 292 58
189 602 58
70 70 58
42 46 58
42 46 58
8 90 58
42 46 58
24 22 58
9 9 96
34 224 58
11 240 58
57 450 58
346 72 58
621 18 58
42 46 58
296 324 58
99 92 58
51 148 58
12 240 58
397 21 58
8 62 58
52 12 2
99 228 58
308 556 58
42 46 58
96 248 2
8 292 58
88 292 58
24 92 58
51 240 58
283 188 58
42 46 58
342 194 58
63 595 58
42 46 58
51 240 58
429 119 96
308 114 58
13 46 58
526 6 96
246 68 58
47 414 58
453 18 58
42 46 58
42 46 58
14 92 58
67 67 58
308 556 58
11 240 58
89 292 58
411 609 58
359 515 1
314 314 58
24 15 58
24 24 58
80 80 58
4 4 1
30 515 58
8 90 58
11 325 58
1 231 1
82 137 58
61 46 58
32 68 58
8 292 58
98 602 58
42 46 58
454 454 96
11 240 58
246 325 58
36 188 58
313 313 58
45 292 1
252 46 58
11 2 58
167 387 58
95 171 58
8 90 58
99 92 58
288 46 58
24 92 58
359 171 1
162 162 96
114 114 96
11 240 58
183 52 2
183 282 1
249 249 1
8 90 58
432 519 96
138 454 58
42 46 58
1 1 1
70 240 58
42 46 58
82 344 58
161 55 58
6 454 58
20 292 58
161 56 58
161 370 58
14 92 58
267 267 1
24 482 58
460 117 58
57 450 58
42 46 58
70 240 58
10 188 58
32 90 58
10 10 58
250 46 58
254 30 2
95 224 58
1 1 62
24 92 58
71 292 58
8 90 58
321 321 1
161 55 58
37 522 58
14 14 58
242 242 58
36 188 58
290 137 58
288 46 58
50 148 58
334 92 58
42 46 58
63 595 58
515 515 62
30 515 58
36 188 58
10 191 90
71 292 58
14 14 58
250 105 58
167 387 58
32 68 58
40 46 58
7 7 62
6 454 58
22 92 58
36 137 58
487 451 58
83 92 58
6 292 58
42 46 58
24 99 58
103 90 58
32 68 58
154 609 58
189 355 58
19 462 58
288 46 58
57 519 58
174 174 58
8 90 58
8 90 58
8 90 58
136 232 58
19 21 58
183 454 58
12 438 58
32 68 58
218 145 58
302 62 58
67 92 58
288 21 58
428 62 58
99 92 58
1 69 1
8 90 58
11 240 58
30 515 58
71 292 58
8 90 58
24 92 58
99 92 58
160 16 58
127 292 58
42 46 58
63 595 58
166 166 96
42 46 58
19 522 58
32 68 58
100 10 1
8 93 58
8 90 58
17 454 58
13 21 58
50 240 58
8 292 58
8 62 58
303 303 96
24 148 58
17 133 58
8 540 58
24 27 58
63 602 58
8 292 58
16 145 58
264 196 58
17 156 58
140 1 58
1 1 62
35 92 58
36 188 58
36 188 58
195 68 58
13 46 58
95 57 58
254 295 58
252 46 58
42 46 58
36 137 58
20 292 58
108 190 58
35 92 58
96 256 2
13 46 58
8 292 58
95 57 58
8 90 58
380 380 58
42 46 58
498 514 58
70 240 58
99 228 58
194 194 96
14 92 58
32 68 58
11 240 58
36 188 58
11 454 58
24 92 58
30 271 58
11 240 58
21 522 58
340 142 96
8 90 58
484 344 96
42 46 58
35 92 58
70 240 58
8 292 58
1 1 1
37 37 96
50 240 58
12 438 58
439 438 58
6 538 58
519 432 96
19 18 58
7 131 1
579 579 1
102 102 58
218 145 58
24 92 58
14 14 58
19 18 58
36 188 58
411 609 58
4 86 1
30 515 58
71 292 58
67 92 58
8 90 58
20 292 58
427 427 58
35 92 58
54 162 2
36 188 58
9 360 96
192 278 58
11 240 58
24 92 58
95 38 58
20 292 58
35 92 58
67 92 58
99 228 58
37 522 58
618 618 58
119 119 62
145 145 96
292 292 62
130 240 58
42 46 58
68 377 96
138 454 58
24 92 58
11 240 58
34 92 58
36 188 58
99 92 58
346 91 58
29 12 1
30 515 58
334 92 58
42 46 58
101 360 58
5 5 1
167 387 58
47 68 58
560 92 58
61 46 58
290 188 58
1 180 1
141 522 58
19 21 58
96 96 1
129 522 58
30 271 58
127 292 58
43 43 62
8 90 58
406 46 58
303 46 58
42 46 58
8 292 58
445 515 58
38 46 58
11 240 58
115 68 58
34 92 58
36 188 58
42 46 58
498 196 58
51 148 58
21 522 58
297 188 58
299 299 58
42 46 58
32 68 58
19 21 58
82 21 58
218 145 58
20 292 58
469 292 58
42 46 58
6 519 58
342 105 58
24 22 58
240 240 96
32 68 58
11 240 58
2 42 96
5 325 1
217 135 58
248 96 2
21 522 58
36 188 58
70 240 58
48 46 58
8 90 58
8 90 58
111 135 58
23 91 58
24 92 58
342 291 58
422 147 58
354 354 62
57 519 58
42 46 58
12 325 58
7 294 1
8 90 58
42 46 58
36 188 58
7 7 1
115 68 58
42 46 58
140 462 58
12 438 58
7 7 1
11 240 58
520 46 58
167 387 58
217 135 58
20 292 58
45 143 1
23 209 58
13 46 58
30 254 2
42 46 58
194 194 58
20 62 58
174 174 58
50 240 58
178 609 58
8 292 58
427 427 58
564 7 1
118 497 58
113 122 58
12 438 58
189 602 58
22 46 58
30 515 58
161 55 58
158 158 96
57 454 58
25 368 96
20 292 58
190 79 2
292 292 1
127 292 58
424 435 58
114 114 96
127 93 58
127 292 58
1 1 1
8 90 58
42 46 58
7 7 96
334 92 58
17 292 58
11 240 58
11 240 58
340 340 96
340 340 96
53 75 96
17 292 58
139 92 58
20 292 58
14 14 58
13 46 58
42 46 58
61 46 58
14 92 58
19 19 58
100 609 58
30 515 58
8 292 58
54 292 58
6 522 58
11 240 58
8 90 58
23 522 58
294 294 96
4 4 1
125 46 58
63 135 58
196 607 96
291 291 96
95 171 58
218 29 58
240 240 96
11 2 58
42 46 58
204 609 58
204 609 58
17 156 58
67 92 58
5 451 58
1 75 1
12 438 58
67 92 58
485 292 58
20 93 58
67 67 58
154 609 58
107 292 58
53 292 58
165 10 58
20 292 58
485 292 58
15 228 58
63 595 58
248 96 2
125 327 58
79 190 2
16 16 96
20 292 58
11 240 58
492 10 58
11 240 58
325 325 96
125 46 58
47 519 58
68 502 96
12 602 58
51 324 58
476 629 58
158 353 58
4 4 96
96 228 58
42 46 58
6 138 58
1 1 1
203 257 58
14 228 58
240 240 1
229 92 58
8 90 58
30 515 58
67 92 58
7 292 1
308 114 58
24 14 58
70 52 58
48 46 58
11 2 58
219 52 58
153 257 58
70 240 58
141 292 1
401 450 58
8 90 58
2 30 1
174 174 58
153 292 58
51 324 58
161 55 58
203 257 58
167 387 58
24 21 58
579 68 1
71 292 58
9 18 96
20 292 58
139 92 58
38 46 58
66 292 58
20 292 58
85 85 96
1 1 1
8 292 58
8 90 58
67 92 58
236 536 58
70 133 58
157 85 58
66 292 58
36 188 58
67 92 58
161 56 58
7 113 1
189 355 58
308 197 58
625 68 96
18 46 58
11 352 58
476 241 58
288 46 58
8 90 58
8 90 58
308 114 58
68 68 62
19 18 58
8 292 58
63 595 58
7 7 1
63 602 58
11 240 58
283 188 58
407 407 1
8 292 58
11 240 58
21 522 58
58 58 96
17 156 58
108 92 58
50 240 58
308 548 58
32 68 58
109 21 58
42 46 58
42 46 58
103 515 58
79 190 2
8 90 58
170 398 96
14 92 58
11 240 58
203 257 58
466 145 58
32 68 58
24 24 58
8 292 58
21 21 58
121 462 58
35 92 58
139 224 58
95 116 58
203 257 58
22 228 58
57 519 58
5 113 1
136 232 58
8 292 58
334 92 58
162 292 58
8 292 58
20 292 58
167 387 58
20 292 58
11 2 58
36 188 58
48 46 58
11 240 58
121 462 58
218 145 58
4 4 1
219 240 58
98 148 58
334 92 58
11 240 58
1 87 1
63 595 58
24 169 58
13 170 58
321 68 58
545 148 58
99 224 58
182 46 58
30 90 58
8 90 58
42 46 58
204 133 58
24 14 58
20 292 58
161 626 58
11 240 58
10 188 58
376 132 1
13 46 58
42 46 58
42 46 58
162 556 58
103 515 58
2 2 96
21 522 58
288 46 58
71 292 58
346 91 58
8 90 58
136 506 58
17 292 58
9 9 1
36 188 58
102 92 58
35 92 58
54 292 58
11 240 58
11 240 58
53 75 96
32 68 58
42 46 58
70 70 58
161 55 58
559 114 58
37 37 96
288 22 58
95 57 58
8 292 58
54 292 58
8 93 58
19 18 58
331 331 1
30 515 58
12 438 58
51 325 58
24 15 58
15 475 58
11 240 58
79 190 2
30 515 58
22 522 58
30 271 58
24 92 58
71 292 58
150 344 58
103 112 2
1 1 1
109 46 58
51 240 58
11 324 58
11 240 58
413 68 58
8 90 58
51 148 58
11 240 58
636 92 58
50 240 58
40 6 58
308 114 58
70 519 58
6 325 58
85 85 96
67 92 58
460 4 58
5 292 58
129 602 58
6 292 58
6 519 58
189 355 58
204 395 58
13 46 58
24 33 58
127 32 58
6 292 1
179 271 58
13 536 58
8 90 58
50 325 58
183 240 58
468 453 58
254 292 58
99 92 58
19 462 58
18 292 58
8 292 58
8 292 58
342 105 58
65 46 58
10 10 1
19 223 58
5 451 58
75 53 96
42 46 58
14 92 58
1 1 96
342 105 58
36 519 58
11 240 58
98 487 58
161 224 58
7 7 1
11 2 58
23 228 58
50 148 58
625 625 96
618 92 58
98 602 58
70 240 58
20 90 58
289 289 96
403 67 58
51 133 58
42 46 58
346 91 58
38 46 58
447 325 58
283 188 58
37 292 58
67 92 58
104 606 96
100 609 58
81 91 58
46 46 58
61 61 58
36 188 58
36 188 58
99 92 58
42 46 58
207 207 58
3 25 96
21 553 58
8 8 58
109 21 58
5 5 62
93 68 58
131 522 58
121 330 58
75 186 1
24 73 58
66 292 58
20 292 58
53 220 96
619 40 58
265 211 58
42 46 58
30 515 58
8 292 58
11 240 58
35 92 58
297 137 58
4 4 96
290 188 58
51 148 58
51 240 58
248 96 2
36 188 58
13 46 58
12 438 58
451 292 58
145 145 58
136 232 58
136 31 58
71 62 58
8 90 58
95 224 58
24 92 58
8 90 58
14 92 58
20 292 58
11 138 58
14 14 58
1 1 96
9 9 1
278 46 58
19 18 58
476 90 58
136 232 58
67 92 58
359 179 1
98 602 58
8 93 58
624 624 58
8 292 58
342 291 58
8 292 58
355 556 58
183 240 58
75 53 96
29 29 1
297 188 58
30 515 58
51 240 58
162 89 58
618 92 58
294 294 96
290 188 58
57 450 58
162 89 58
407 292 1
53 75 96
155 325 58
20 292 58
9 9 1
560 92 58
8 93 58
5 5 62
158 158 96
23 209 58
115 68 58
42 46 58
42 46 58
366 330 58
307 96 2
252 46 58
24 224 58
366 357 58
15 92 58
32 68 58
161 55 58
260 602 58
51 240 58
71 71 58
30 515 58
6 454 58
12 135 58
592 592 58
51 324 58
226 226 58
57 454 58
360 9 96
411 609 58
32 68 58
125 46 58
8 292 58
380 14 58
22 46 58
24 92 58
6 292 58
32 68 58
556 9 96
261 292 58
127 292 58
136 506 58
8 292 58
155 52 58
182 58 58
107 107 1
18 46 58
24 224 58
24 92 58
63 135 58
32 68 58
210 606 96
131 243 58
11 240 58
12 438 58
99 410 58
27 92 58
42 46 58
5 5 1
63 519 58
11 240 58
170 170 96
6 519 58
51 240 58
35 92 58
37 37 62
19 18 58
50 240 58
145 145 58
480 22 58
5 292 1
167 387 58
162 89 58
12 438 58
67 67 58
20 93 58
30 515 58
36 137 58
20 292 58
51 555 58
14 14 58
42 46 58
8 90 58
36 188 58
19 18 58
24 626 58
75 53 96
11 519 58
103 515 58
11 240 58
414 556 58
1 1 1
6 522 58
153 133 58
11 240 58
50 352 58
17 133 58
342 228 58
37 522 58
70 555 58
24 317 58
24 92 58
127 292 58
129 522 58
12 438 58
8 90 58
8 90 58
63 595 58
8 292 58
248 96 2
154 609 58
8 93 58
167 387 58
8 292 58
213 213 58
8 90 58
411 609 58
8 90 58
56 224 58
20 292 58
2 226 1
325 325 96
136 292 58
236 279 58
102 102 58
13 46 58
32 68 58
167 387 58
58 46 58
96 307 2
325 325 58
51 51 58
167 387 58
32 68 58
13 46 58
303 303 96
274 274 58
334 92 58
36 188 58
54 292 58
11 240 58
21 522 58
51 240 58
150 344 58
183 240 58
14 92 58
8 90 58
42 46 58
22 46 58
80 80 58
63 595 58
54 292 58
19 18 58
179 515 58
11 240 58
155 325 58
14 92 58
248 47 2
150 344 58
30 515 58
6 292 58
136 232 58
203 519 58
42 46 58
125 18 58
13 21 58
246 325 58
87 87 1
165 10 58
515 515 96
13 46 58
1 1 62
4 515 1
12 438 58
8 90 58
27 27 58
240 502 58
54 292 58
32 68 58
154 154 58
8 292 58
8 90 58
23 292 58
127 292 58
297 520 58
103 515 58
30 515 58
6 519 58
51 148 58
29 29 1
11 240 58
88 292 58
4 189 1
34 92 58
21 46 58
12 438 58
494 46 58
371 137 58
14 14 58
585 92 58
20 292 58
50 240 58
19 10 58
210 210 96
8 292 58
20 292 58
13 46 58
14 92 58
4 4 96
134 10 1
67 67 58
19 19 58
58 515 58
42 46 58
189 189 58
183 373 1
155 325 58
141 292 58
12 438 58
30 515 58
219 240 58
11 240 58
32 68 58
34 410 58
32 68 58
8 292 58
240 240 96
11 240 58
125 46 58
30 254 2
14 92 58
42 46 58
136 292 58
11 240 58
67 92 58
321 68 58
14 92 58
4 10 1
61 46 58
139 92 58
228 228 58
49 5 58
42 46 58
110 522 58
8 90 58
183 484 58
346 72 58
20 292 58
24 73 58
42 46 58
4 4 96
8 90 58
32 68 58
12 438 58
7 82 1
8 292 58
8 90 58
11 240 58
5 292 58
95 622 58
42 46 58
186 186 96
4 4 96
8 90 58
499 499 96
4 4 1
292 292 96
102 92 58
35 92 58
7 7 1
34 92 58
427 292 58
248 96 2
11 240 58
99 99 96
9 582 1
380 35 58
99 99 58
54 292 58
11 240 58
499 499 96
42 46 58
469 292 58
70 219 58
219 52 58
24 92 58
131 68 58
1 1 1
11 240 58
70 219 58
35 92 58
21 522 58
255 373 1
50 240 58
6 292 58
271 603 58
50 148 58
70 148 58
125 46 58
136 136 96
125 46 58
98 417 58
248 96 2
115 68 58
365 355 58
8 90 58
136 353 58
24 224 58
11 240 58
131 325 58
42 46 58
329 182 58
444 454 58
134 180 1
24 24 58
24 92 58
8 90 58
8 292 58
189 355 58
50 148 58
127 292 58
11 352 58
42 46 58
161 55 58
42 46 58
8 292 58
42 46 58
11 240 58
96 248 2
147 46 58
161 56 58
6 292 58
11 240 58
11 240 58
63 595 58
24 92 58
167 387 58
162 556 58
20 292 58
418 418 1
11 240 58
19 18 58
14 92 58
157 46 58
621 18 58
67 92 58
27 27 96
72 72 1
30 271 58
58 46 58
197 12 2
8 90 58
398 170 96
28 28 1
50 240 58
24 92 58
5 5 62
11 240 58
36 188 58
219 240 58
263 92 58
167 387 58
189 355 58
24 92 58
346 91 58
5 5 96
179 515 58
51 352 58
323 325 58
586 292 1
8 90 58
14 92 58
96 248 2
127 93 58
100 609 58
11 240 58
142 340 96
13 18 58
36 36 58
51 148 58
153 133 58
24 92 58
42 46 58
36 188 58
290 188 58
11 240 58
24 33 58
24 92 58
34 92 58
32 68 58
10 344 58
11 240 58
291 291 96
8 90 58
290 188 58
11 240 58
197 52 2
12 90 58
61 46 58
218 145 58
8 90 58
127 292 58
20 292 58
42 46 58
11 240 58
14 14 58
51 133 58
24 92 58
283 520 58
35 92 58
11 240 58
11 240 58
70 240 58
110 522 58
11 240 58
1 294 1
366 357 58
167 387 58
14 92 58
127 292 58
95 95 58
26 292 58
161 55 58
109 522 58
14 92 58
133 133 96
252 46 58
454 454 96
12 135 58
16 466 1
423 344 58
8 90 58
167 228 58
11 240 58
42 46 58
24 92 58
32 68 58
36 188 58
96 325 58
8 90 58
290 188 58
240 240 96
20 292 58
30 254 2
86 46 58
8 90 58
308 556 58
14 92 58
11 240 58
10 10 58
162 89 58
161 55 58
45 292 58
8 32 58
54 68 58
286 187 58
11 240 58
40 46 58
337 438 58
127 292 58
34 92 58
67 67 58
20 292 58
342 194 58
368 25 96
61 46 58
24 92 58
98 92 58
116 350 58
19 21 58
87 37 58
84 52 1
115 68 58
15 92 58
116 92 58
27 27 96
8 90 58
19 18 58
178 196 58
162 89 58
218 145 58
15 92 58
10 602 58
50 148 58
11 240 58
141 141 62
20 93 58
292 75 96
219 148 58
68 68 1
470 9 58
308 114 58
8 90 58
14 92 58
66 292 58
20 292 58
9 9 1
292 10 1
56 224 58
32 68 58
32 68 58
71 292 58
24 92 58
40 40 96
24 92 58
283 188 58
32 68 58
38 166 58
11 240 58
290 188 58
24 39 58
242 46 58
17 292 58
38 170 58
1 171 96
8 90 58
8 90 58
27 27 96
30 515 58
51 240 58
167 387 58
342 194 58
57 148 58
8 292 58
8 90 58
57 519 58
8 292 58
42 46 58
125 327 58
11 240 58
296 240 58
8 90 58
174 92 58
5 292 58
13 46 58
190 79 2
61 46 58
498 609 58
42 46 58
478 325 58
4 4 96
30 271 58
1 67 96
150 344 58
75 53 96
189 355 58
13 18 58
161 224 58
136 506 58
11 240 58
71 292 58
24 92 58
67 23 58
30 515 58
36 575 58
51 534 58
12 55 1
13 46 58
150 344 58
8 90 58
230 145 58
8 292 58
15 157 58
20 292 58
24 92 58
48 46 58
4 515 1
36 188 58
11 240 58
99 92 58
445 271 58
1 1 96
108 91 58
32 68 58
101 2 62
82 207 58
7 7 96
21 522 58
20 292 58
11 240 58
20 292 58
61 46 58
19 92 58
24 92 58
239 239 62
400 549 58
98 292 58
8 90 58
8 292 58
42 46 58
19 223 58
121 166 58
88 88 1
20 292 58
42 46 58
104 292 1
95 171 58
50 240 58
218 145 58
155 133 58
42 46 58
12 52 2
8 292 58
366 330 58
217 135 58
413 68 58
47 68 58
42 46 58
14 92 58
95 171 58
240 240 1
7 39 1
35 92 58
40 40 96
51 240 58
36 188 58
10 46 58
265 46 58
30 515 58
11 324 58
14 92 58
42 46 58
22 92 58
19 18 58
42 46 58
157 85 58
6 519 58
163 633 96
189 299 58
124 50 2
11 240 58
127 540 58
8 90 58
67 92 58
230 145 58
545 148 58
8 90 58
6 292 1
8 93 58
37 522 58
162 556 58
35 35 96
96 248 2
24 292 58
297 188 58
42 46 58
436 91 58
63 519 58
104 454 1
12 438 58
11 240 58
165 546 58
379 379 62
140 462 58
8 90 58
36 188 58
42 46 58
70 70 58
10 595 58
145 145 58
54 292 58
24 224 58
8 292 58
51 240 58
50 148 58
519 519 1
30 515 58
463 292 96
8 90 58
11 240 58
108 47 58
30 515 58
136 353 58
11 135 58
54 292 58
95 92 58
8 90 58
8 90 58
326 46 58
1 1 96
560 92 58
5 292 1
42 46 58
13 48 58
32 68 58
136 506 58
20 292 58
70 240 58
42 46 58
42 46 58
171 1 96
14 92 58
157 21 58
42 46 58
19 546 58
11 240 58
136 232 58
115 68 58
95 92 58
7 515 1
51 148 58
290 137 58
13 46 58
35 92 58
7 7 1
11 438 58
8 292 58
75 55 1
50 124 2
131 522 58
51 52 58
183 240 58
183 240 58
366 357 58
82 344 58
71 292 58
51 240 58
99 92 58
125 327 58
20 292 58
13 192 58
11 240 58
226 10 58
8 292 58
34 92 58
252 46 58
8 292 58
42 46 58
45 292 58
161 55 58
20 292 58
240 148 58
144 522 58
71 292 58
98 292 58
246 325 58
31 31 96
136 353 58
136 506 58
8 90 58
108 15 58
8 292 58
98 162 2
50 124 2
502 502 96
13 46 58
13 46 58
36 188 58
11 240 58
61 46 58
18 46 58
95 22 58
304 92 58
29 29 1
20 292 58
167 387 58
95 171 58
42 46 58
38 21 58
116 344 58
36 9 58
175 175 58
283 188 58
238 522 58
8 90 58
8 292 58
11 240 58
75 160 1
470 114 58
14 92 58
54 62 58
18 462 58
30 515 58
136 136 96
593 171 58
161 56 58
451 522 58
153 133 58
240 240 96
42 46 58
13 46 58
95 92 58
75 53 96
303 303 1
116 344 58
51 240 58
75 186 1
24 92 58
385 450 58
50 148 58
30 515 58
530 68 58
6 519 58
8 90 58
13 18 58
17 292 58
143 143 1
154 154 58
99 92 58
37 37 96
297 137 58
51 52 58
6 519 58
30 515 58
24 92 58
14 92 58
136 31 58
9 9 1
78 21 58
36 137 58
54 90 58
95 92 58
96 248 2
24 224 58
95 532 58
6 292 58
4 4 62
57 450 58
42 46 58
42 46 58
621 292 58
519 519 62
545 135 58
24 353 58
42 46 58
139 92 58
6 522 58
30 515 58
25 25 1
599 240 58
36 169 58
57 519 58
70 630 58
10 344 58
603 21 58
308 556 58
125 367 58
129 18 58
13 46 58
8 292 58
519 519 62
231 6 96
24 67 58
42 46 58
24 92 58
36 188 58
51 240 58
161 56 58
8 93 58
36 132 58
29 29 1
42 46 58
154 609 58
21 522 58
177 625 96
11 240 58
19 293 58
25 25 58
7 7 62
5 29 62
95 171 58
54 292 58
114 114 96
51 111 58
11 2 58
42 46 58
42 46 58
134 231 1
217 135 58
12 438 58
95 57 58
127 90 58
150 10 58
4 4 1
51 438 58
11 519 58
290 59 58
20 292 58
6 21 58
1 1 96
11 240 58
494 46 58
8 90 58
48 46 58
548 548 96
292 292 58
20 292 58
125 46 58
8 90 58
29 29 1
50 240 58
4 4 96
11 240 58
30 515 58
426 92 58
19 182 58
8 90 58
24 140 58
329 33 58
460 117 58
34 92 58
6 231 96
8 90 58
42 46 58
136 6 96
12 438 58
50 240 58
14 92 58
11 240 58
19 182 58
27 27 96
162 89 58
21 522 58
404 188 1
13 46 58
20 292 58
498 609 58
625 625 96
4 4 96
99 92 58
11 240 58
288 46 58
42 46 58
297 188 58
74 92 58
67 228 58
10 292 1
297 188 58
95 224 58
161 55 58
236 33 58
19 18 58
411 609 58
71 292 58
133 133 96
36 137 58
48 46 58
108 91 58
36 188 58
67 1 96
36 188 58
476 90 58
492 10 58
29 29 1
229 228 58
68 625 96
157 85 58
60 60 96
103 90 58
13 367 58
50 240 58
11 240 58
13 46 58
157 85 58
30 117 58
8 90 58
18 9 96
188 188 58
236 21 58
95 171 58
165 165 62
29 29 1
36 188 58
157 85 58
288 46 58
6 17 1
19 18 58
283 137 58
25 10 1
54 292 58
42 46 58
51 240 58
21 522 58
67 228 58
15 224 58
326 46 58
50 148 58
8 292 58
278 46 58
342 592 58
269 292 58
32 68 58
189 355 58
37 37 96
13 46 58
75 53 96
157 85 58
596 596 58
44 206 58
65 46 58
24 92 58
99 92 58
24 92 58
520 10 58
32 68 58
35 92 58
22 92 58
32 68 58
34 92 58
30 515 58
70 240 58
50 148 58
50 240 58
8 292 58
37 37 96
359 17 1
50 240 58
12 438 58
37 292 58
258 492 2
71 292 58
8 292 58
24 92 58
67 92 58
99 228 58
32 68 58
288 536 58
449 138 58
8 90 58
53 75 96
42 46 58
103 90 58
409 522 58
19 228 58
34 228 58
254 30 2
13 46 58
127 292 58
43 43 1
314 9 58
35 92 58
51 111 58
346 224 58
11 352 58
288 46 58
12 438 58
17 292 58
1 212 1
17 133 58
57 519 58
8 90 58
14 92 58
470 77 2
460 117 58
249 344 58
161 55 58
8 292 58
369 47 96
211 46 58
95 22 58
30 515 58
35 92 58
246 133 58
13 46 58
21 46 58
42 46 58
51 438 58
97 47 1
230 145 58
70 124 2
288 46 58
67 67 58
154 154 1
6 454 58
8 90 58
20 292 58
30 228 58
417 133 58
57 519 58
34 224 58
65 46 58
601 522 58
99 92 58
42 46 58
12 438 58
409 522 58
98 292 58
178 609 58
611 6 1
67 92 58
308 556 58
11 240 58
63 595 58
360 360 96
19 18 58
20 62 58
36 188 58
20 93 58
136 292 58
21 21 96
379 379 1
12 515 58
8 292 58
492 10 58
308 500 58
119 292 58
590 92 58
228 228 58
164 473 58
6 519 58
289 289 96
42 46 58
261 360 58
99 92 58
25 25 1
13 40 58
240 240 96
24 92 58
103 90 58
384 579 96
42 46 58
42 46 58
154 154 1
32 68 58
50 240 58
328 515 58
11 240 58
8 90 58
8 292 58
30 515 58
334 92 58
6 25 96
7 7 96
25 3 1
42 46 58
107 107 1
42 46 58
11 240 58
7 7 1
36 188 58
13 46 58
109 522 58
5 248 1
42 46 58
206 23 58
209 209 58
8 90 58
22 46 58
8 90 58
95 224 58
8 90 58
35 92 58
67 92 58
109 40 58
6 292 58
13 327 58
175 325 58
19 19 58
19 18 58
30 515 58
138 138 96
5 186 58
146 146 1
141 141 96
67 577 58
19 18 58
20 292 58
12 438 58
165 10 58
125 125 58
51 240 58
71 292 58
213 213 58
71 292 58
178 609 58
619 602 58
11 240 58
32 68 58
50 148 58
100 609 58
6 451 58
204 180 1
67 67 58
22 522 58
14 92 58
36 188 58
14 92 58
50 240 58
18 292 58
24 74 58
127 292 58
127 292 58
20 292 58
8 90 58
125 46 58
2 2 1
326 46 58
83 9 58
297 297 58
36 188 58
11 240 58
30 515 58
189 325 58
24 34 58
27 27 96
20 292 58
47 369 96
8 90 58
321 68 58
203 257 58
14 14 58
161 55 58
20 292 58
6 451 58
8 90 58
280 68 58
365 602 58
162 89 58
8 90 58
297 188 58
25 3 96
14 46 58
321 68 58
6 522 58
26 62 58
229 92 58
11 240 58
189 602 58
51 52 58
136 232 58
321 68 58
406 46 58
71 292 58
11 240 58
297 188 58
8 90 58
6 519 58
63 595 58
36 188 58
183 373 1
94 197 2
35 92 58
165 546 58
161 56 58
63 595 58
45 292 1
5 4 1
177 177 96
11 240 58
54 292 58
13 13 58
32 68 58
70 240 58
42 46 58
633 163 96
52 454 58
42 46 58
299 231 1
42 46 58
32 68 58
155 133 58
57 519 58
51 133 58
5 451 58
95 92 58
11 240 58
423 325 58
7 1 1
265 46 58
17 156 58
14 228 58
5 5 1
65 46 58
14 14 58
621 18 58
11 240 58
162 162 96
346 91 58
20 292 58
8 446 58
167 387 58
328 289 58
625 177 96
13 48 58
30 515 58
11 240 58
36 188 58
376 609 58
328 289 58
515 515 96
8 90 58
161 55 58
121 406 58
19 46 58
8 90 58
8 90 58
42 46 58
242 242 58
36 188 58
24 10 58
24 92 58
42 46 58
42 46 58
8 292 58
8 90 58
98 162 2
11 240 58
50 148 58
11 240 58
218 145 58
54 292 58
70 240 58
36 188 58
8 292 58
114 114 96
14 92 58
129 522 58
8 292 58
8 90 58
8 90 58
111 454 58
499 46 58
24 607 58
136 506 58
8 90 58
11 240 58
13 46 58
19 21 58
248 96 2
614 92 58
254 89 58
9 9 96
98 92 58
108 91 58
158 292 58
499 499 96
283 188 58
240 240 96
78 22 58
20 292 58
11 240 58
260 602 58
19 18 58
8 90 58
13 21 58
11 240 58
70 70 58
436 91 58
26 416 58
24 92 58
14 92 58
98 98 2
303 303 1
13 46 58
167 387 58
53 75 96
109 497 58
134 180 1
24 92 58
190 38 58
99 99 58
24 92 58
11 240 58
20 292 58
102 46 58
20 292 58
409 522 58
82 137 58
329 58 58
504 92 58
136 353 58
198 114 58
20 90 58
42 46 58
46 46 58
8 90 58
82 68 58
17 133 58
42 46 58
4 198 1
423 344 58
11 240 58
71 292 58
12 438 58
189 355 58
32 68 58
520 188 58
248 96 2
445 515 58
42 46 58
157 157 58
42 46 58
14 92 58
157 85 58
11 324 58
11 240 58
35 92 58
492 10 58
8 93 58
100 10 1
296 240 58
290 188 58
189 355 58
48 46 58
32 68 58
1 1 1
325 325 96
219 148 58
213 325 58
80 257 58
170 170 96
11 240 58
161 574 58
21 522 58
30 515 58
50 148 58
35 92 58
63 595 58
24 228 58
476 8 2
6 451 58
42 46 58
99 92 58
12 438 58
220 220 96
133 133 96
42 46 58
36 188 58
10 10 62
12 438 58
42 46 58
97 292 1
14 33 58
11 240 58
12 52 2
53 292 58
24 622 58
10 188 58
124 50 2
11 240 58
71 292 58
20 292 58
20 292 58
250 105 58
8 90 58
99 92 58
78 320 58
8 90 58
42 46 58
101 360 58
242 46 58
616 198 58
136 506 58
162 98 2
8 90 58
320 432 58
24 92 58
8 90 58
230 145 58
19 166 58
19 496 58
236 279 58
141 141 96
24 92 58
162 89 58
47 68 58
67 92 58
95 171 58
49 541 58
98 602 58
8 416 58
24 92 58
8 90 58
38 46 58
11 240 58
136 353 58
42 46 58
71 292 58
162 292 58
11 240 58
10 325 58
380 34 58
9 9 96
143 143 1
67 92 58
51 240 58
66 292 58
8 292 58
8 292 58
8 90 58
229 224 58
13 46 58
36 188 58
13 46 58
136 232 58
9 9 1
103 90 58
8 90 58
515 515 1
71 292 58
27 92 58
87 2 1
63 595 58
125 18 58
30 515 58
545 148 58
8 292 58
134 180 1
30 228 58
50 148 58
42 46 58
70 133 58
9 9 96
1 1 96
11 240 58
197 94 2
1 10 1
42 46 58
6 519 58
11 240 58
63 595 58
98 92 58
65 46 58
12 438 58
462 46 58
10 10 96
35 35 96
240 240 96
34 46 58
67 92 58
8 292 58
24 92 58
69 180 1
17 156 58
11 240 58
8 90 58
6 292 58
190 79 2
42 46 58
24 92 58
162 54 2
36 137 58
99 92 58
19 18 58
6 171 1
63 595 58
8 90 58
183 240 58
116 16 58
36 188 58
96 248 2
27 27 96
34 224 58
308 114 58
42 46 58
30 515 58
20 292 58
215 215 96
380 92 58
8 90 58
